30.5097781908 30.5097516503
26.3184472957 26.3219235318
24.4354434931 24.4324004221
23.5841611154 23.5860315564
21.9929511611 21.9890032706
21.9111556017 21.9121547283
20.5225434282 20.5181224341
20.7237794435 20.7242143269
19.4956362324 19.4909135361
19.811455833 19.8114897852
18.7191936958 18.7142569548
19.0747144272 19.0744466768
18.1021788947 18.0970796722
18.4590749941 18.4585712183
17.5948101165 17.5895815978
17.9316302721 17.9309366237
17.1670656671 17.1617305986
17.4710631674 17.4702135504
16.7995283099 16.7941030292
17.0628179861 17.0618381733
16.4789604065 16.4734570791
16.6965384531 16.6954485771
16.1959582114 16.1903861611
16.3646084808 16.3634246213
15.9436169426 15.9379834851
16.0612728905 16.0600081288
15.7167270715 15.7110380603
15.782082729 15.7807478742
15.5112677324 15.5055279292
15.5235317576 15.5221358606
15.324075003 15.3182883367
15.2828104277 15.2813611554
15.1526175821 15.1467873349
15.0576347132 15.0561386256
14.9948408497 14.9889697929
14.8461241414 14.8445869015
14.8490558398 14.843146336
14.6467130438 14.6451395786
14.7138585192 14.7079125998
14.4580847738 14.4564794007
14.5880700059 14.5820894307
14.2791221415 14.2774886676
14.4706915609 14.4646778651
14.1088695129 14.1072113142
14.3608702009 14.3548247319
13.9465034422 13.9448235285
14.2578720749 14.2517960224
13.7913096418 13.7896107092
14.1610616033 14.154956023
13.6426647239 13.6409491974
14.0698849527 14.0637507858
13.5000215793 13.4982916494
13.9838568133 13.9776949027
13.362897562 13.3611552144
13.9025497232 13.896360827
13.2308648604 13.2291119015
13.8255853741 13.8193701767
13.1035425886 13.1017806664
13.7526274777 13.7463865989
12.9805902434 12.9788208665
13.6833758675 13.6771098707
12.8617022562 12.8599268088
13.6175615921 13.611270991
12.7466034259 12.7448231816
13.5549428053 13.5486280696
12.63504507 12.6332612034
13.4953013053 13.4889628658
12.5268017619 12.5250153588
13.4384396038 13.4320778562
12.421668552 12.4198806181
13.3841784303 13.3777937396
12.319458588 12.3176700566
13.3323545991 13.3259473021
12.2200010692 12.2182128084
13.2828191746 13.2763895834
12.1231394799 12.1213522982
13.2354358901 13.228984294
12.0287300572 12.0269447091
13.1900797765 13.1836064445
11.9366404576 11.9348576482
13.1466359704 13.1401411529
11.8467485923 11.8449689815
13.1049986734 13.0984826041
11.7589416058 11.7571658123
13.0650702407 13.058533138
11.6731149782 11.6713435826
13.0267603804 13.0202024486
11.5891717328 11.5874052808
12.9899854474 12.9834068782
11.5070217353 11.5052607405
12.9546678194 12.9480687927
11.4265810718 11.4248260179
12.9207353433 12.9141160284
11.3477714953 11.3460228385
12.8881208439 12.8814814001
11.2705199322 11.2687781035
12.8567616847 12.8501022623
11.194758041 11.1930234475
12.8265993767 12.8199201177
